"X5010_1_S1"	"X5010_2_S2"	"X5010_3_S3"	"X5010_4_S4"	"X5010_5_S5"	"X5010_6_S6"	"X5010_7_S7"	"X5010_8_S8"	"X5010_9_S9"	"X5010_10_S10"	"X5010_11_S11"	"X5010_12_S12"	"X5010_13_S13"	"X5010_14_S14"	"X5010_15_S15"	"X5010_16_S16"	"X5010_17_S17"	"X5010_18_S18"	"X5010_19_S19"	"X5010_20_S20"	"X5010_21_S21"	"X5010_22_S22"	"X5010_23_S23"	"X5010_24_S24"	"X5010_25_S25"	"X5010_26_S26"
"ENA|HBXI01089505|HBXI01089505.1"	0	0	0	0	0	0	0	0	0	0	0	0	0	0	6.36667613160667	9.66392883395722	7.34420836223174	5.34552107004698	0	0	8.7135390941912	0	10.0616651535857	0	8.85939153511123	9.34709566996865
"ENA|HBXI01097869|HBXI01097869.1"	0	0	0	0	0	0	0	0	0	0	0	0	0	0	0	0	0	7.7977451410264	0	8.88531329546237	7.57632152445744	8.35628792307033	5.47900445085008	5.99807619181	0	0
"ENA|HBXI01061771|HBXI01061771.1"	0	0	0	0	0	0	0	0	0	7.40007336189216	0	0	7.43279367986147	0	0	0	6.24860736333853	0	0	0	0	5.29322389983587	7.26782154478971	0	2.81124115926721	0
"ENA|HBXI01135226|HBXI01135226.1"	0	10.0120303451301	0	0	0	4.02360512684316	0	9.49410263570152	0	9.28061749726971	0	0	0	0	0	0	0	0	0	0	8.79196666969395	0	0	0	0	0
"ENA|HBXI01004523|HBXI01004523.1"	0	0	0	6.21125483883194	7.55204100176086	0	5.69570740595248	0	0	6.71084760657628	0	0	0	0	0	8.30547561864985	0	0	0	0	0	0	0	0	0	0
"ENA|HBXI01011121|HBXI01011121.1"	0	0	0	0	0	0	7.99519362212708	0	0	0	0	0	0	0	0	8.61851888825451	4.30443478683855	0	4.70967612021963	0	0	0	0	9.12167608565152	10.9819128337382	0
"ENA|HBXI01092040|HBXI01092040.1"	0	9.40341781354872	0	0	9.36281390923576	0	0	0	0	8.34046916806973	0	0	0	0	0	8.37904949306397	0	0	0	0	0	0	0	0	0	0
"ENA|HBXI01082176|HBXI01082176.1"	0	0	0	0	0	0	0	0	0	0	0	0	7.89066762995078	0	0	0	7.27751689786653	0	7.28167256067055	0	0	0	0	8.03802037820147	0	0
"ENA|HBXI01040832|HBXI01040832.1"	0	0	0	0	0	6.40857064976768	0	0	0	6.89492839133392	4.92461292596531	6.68207924137984	0	6.54011225233346	0	0	0	0	0	0	0	0	0	0	0	0
"ENA|HBXI01094688|HBXI01094688.1"	0	0	0	0	0	0	0	0	0	0	0	0	6.56920395781217	0	0	0	0	0	0	0	0	6.30987888151765	0	5.17625185450706	0	7.67047135608757
"ENA|HBXI01042133|HBXI01042133.1"	0	0	0	0	9.11084559719989	0	0	0	0	0	0	0	0	0	0	0	9.96006023732541	0	0	9.11677537181157	0	0	0	8.49549200080565	0	0
"ENA|HBXI01001218|HBXI01001218.1"	0	0	0	0	0	0	0	0	0	0	0	0	0	0	0	0	6.15263331454265	0	0	6.22801522480585	0	0	0	5.41395745929419	0	6.84858460624558
"ENA|HBXI01036864|HBXI01036864.1"	0	0	0	7.43448028095749	0	0	0	0	0	0	0	0	0	10.1068173369315	6.63864575753904	0	0	0	0	10.0756445054645	7.07696740779809	0	0	0	0	0
"ENA|HBXI01077172|HBXI01077172.1"	0	0	0	0	0	0	10.4558047105281	0	8.07142627555137	0	0	0	0	0	0	0	0	8.25597814596729	0	0	0	0	0	0	0	0
"ENA|HBXI01019377|HBXI01019377.1"	9.07268477024453	8.81234570267444	8.61107194829133	9.27644114879261	9.3754611668918	8.45972127887771	8.77709180813074	8.83560208217766	8.99711011474681	8.76493838177436	9.27996185325948	8.99007916022172	10.0409873659394	9.48878588708601	9.69848946972703	10.1477399328711	9.40156732982021	9.49514027768706	9.84391469474193	9.38971918930659	10.0615689992989	9.69232752506264	9.58033136394228	10.2019710206365	9.73802722046034	9.67124304286005
"ENA|HBXI01133481|HBXI01133481.1"	9.04631593620965	9.05309716779631	8.79861082498328	8.662341924297	8.246081717077	9.13755958885243	9.6441374702323	9.12127810709958	8.94729997304352	9.19742703470068	8.42375326646559	8.69117346995259	7.61145001299586	8.3913253334789	7.40724140980413	7.44598470727004	8.28799758589693	7.98565220053012	7.84486123542101	7.6360185899268	7.65836366924841	7.98956255442782	8.56686615610452	7.77099979382475	8.19645791509648	7.70057071391046
"ENA|HBXI01125909|HBXI01125909.1"	5.99656235421432	6.09243676757605	6.25529428691956	5.83021055590815	6.9394638126819	7.38914837806655	4.93784642047597	6.88303268960129	6.12049189093126	5.64686736333273	6.33289267530535	5.73448600850264	7.89066762995078	8.27919894234537	8.68601726683718	8.04017325846469	7.40100742571393	7.59614307671514	7.58157776801408	7.45942985936165	7.41575298983538	8.1290135914415	7.80783744201198	6.42827485971653	8.25447801592233	9.19046839565948
"ENA|HBXI01131037|HBXI01131037.1"	6.50679869581262	6.24638581671523	6.25529428691956	6.41882991725216	6.2103130521649	6.57179277700797	6.24474681676862	6.47206375720114	6.00128974125733	6.77485339317709	5.76370864589865	5.90139707902419	4.5127589151536	5.36892373632935	5.75457105580434	4.97690042625366	5.86027935529882	5.20125327001595	5.05994184277991	5.64265170878052	5.54807242748686	5.52039453916378	5.77454405571845	4.79863510237029	5.10993587988875	5.14404560522652
"ENA|HBXI01032176|HBXI01032176.1"	7.9097211659728	8.2774282456637	7.28354111266221	6.70306408867444	7.56975794995735	7.46381321302648	6.91903721067353	7.36826325709715	6.50551889690632	6.32554391900732	6.97084715578054	8.73289391753617	9.37795473741407	9.69221588381838	8.54199603251243	8.90473796539644	8.43803192324766	8.61394158804838	9.87738791377644	9.94909538819047	8.30856734080192	8.56355343977818	10.3385521065167	9.11205937860213	9.66960943019916	11.7673407550354
"ENA|HBXI01051469|HBXI01051469.1"	4.50281524155972	1.95661182943888	1.589943285416	0	1.73068803475623	1.82537471202315	1.93503451704218	0.958883817200135	2.05410593748611	0	3.46570087308158	4.60420233079439	2.93422043172998	4.08556168928992	5.93840291620536	5.53300188087556	1.39572833179091	1.55316900539024	5.05994184277991	4.57994273060482	1.69312788976834	8.22886207979028	8.20978132244998	2.49213055768759	8.29058106994348	11.1150942484056
"ENA|HBXI01117855|HBXI01117855.1"	4.19670867892087	4.52928681922984	3.32864809966292	8.75618546189887	4.52539086843385	5.46753504288811	3.24361093802572	3.92192008128114	4.19698002980561	3.85440748549673	4.50090661043651	3.99333139431333	8.3085097558388	6.49214364077326	4.47217987862061	5.01626929663617	5.1060081003947	5.56774775508059	6.38700991134005	5.94055656785389	6.42417744502714	6.04352882552006	6.46273976661704	5.53404923364366	6.41387061715339	7.83147114966454
"ENA|HBXI01054107|HBXI01054107.1"	1.05906500373938	6.22801691128317	11.5364046388913	11.9646012128985	2.76493027986221	3.48232708417203	13.1141569008482	4.31296342682013	2.7043205657855	5.79827144439266	1.73063875407981	2.24231389692989	1.5351189332605	4.01941493317496	3.43061030237975	3.51781768163751	10.3364185401598	1.96418259713015	1.13647237222164	3.37503783255607	6.36676472856651	1.5413169739389	3.0175369086993	3.80250647587868	2.40577488132909	10.3649064562212
"ENA|HBXI01114182|HBXI01114182.1"	5.66802588506501	6.05123831329594	5.39960488235959	6.09507455070313	6.25480130124736	5.29130357658338	6.66174223115789	5.2762069534354	5.59374009889893	5.75660985500581	5.58939978527846	5.85564564171161	6.3348752706538	6.6425431716694	7.12499400661383	7.01195628531236	6.50329695733097	6.82282452930469	6.59804134194682	6.46760380074677	6.72761820589041	6.75480259305892	7.27728272923028	5.99807619181	6.51227783198981	7.07685756212735
"ENA|HBXI01033823|HBXI01033823.1"	12.8938679372234	12.9657889086886	13.0847803278807	13.1728984602169	12.8081751432201	12.8258088210403	13.1269652695595	12.9070304995308	12.8239654935668	12.7436145555187	12.7084167180773	12.6397830042324	12.6755011805304	12.5370121227077	12.3033354719545	12.2886883670513	12.7187842139974	12.4792839802342	12.1333697906273	12.5839134741637	12.6393579452523	12.3375834992828	12.412070209292	12.2044499622682	11.9297152825449	12.2458273008905
"ENA|HBXI01092765|HBXI01092765.1"	2.68210213793756	6.89652893432062	12.3995123976052	12.5566685774736	4.59625572437557	3.48232708417203	14.3847726987683	4.62030111502821	3.58916628160216	6.52482953793135	1.34813692973328	2.24231389692989	3.25422432314724	4.20939798921047	3.43061030237975	4.6663800831958	11.2706791866989	3.41590090457048	2.80573421001534	5.05708747602449	7.22431442153811	2.75099281923212	3.60332920659046	5.17625185450706	3.60619617876443	11.0030195105338
"ENA|HBXI01046064|HBXI01046064.1"	2.68210213793756	0	8.04085932689743	3.46366149198081	0	3.10969007122393	8.57827011270233	8.59625097247085	3.38661591433476	8.75967558761948	0	0	0	0	2.3436954957229	0	0	0	0	0	0	0	0	0	0	0
"ENA|HBXI01045892|HBXI01045892.1"	0	0	0	0	0	0	0	0	0	0	0	0	0	0	5.68769199514816	6.38824511303289	3.19472812232366	5.68088330886385	7.07920689604486	4.51569814630314	0	0	4.34095829502534	0	4.11577939441507	4.64685312370614
"ENA|HBXI01033815|HBXI01033815.1"	10.0345549240825	10.6723592671405	10.0789201864075	10.8134988779618	10.7859860585595	10.2671277033018	10.4659217444235	10.1358019605406	9.92610280700447	10.5721758256742	10.8239360103786	10.2964580907428	11.6669056844901	11.2218962976784	10.933583984559	11.2253062883224	11.0330637783964	11.1928545750886	11.1017910691131	11.0195889598815	11.263226422286	10.4319248820772	10.7807333551928	11.2525887928145	11.1572684767191	10.9607404100201
"ENA|HBXI01055480|HBXI01055480.1"	0	3.26970347868219	0	9.21165864051142	8.20131954138414	0	0	8.88827603592057	0	8.96796619945915	9.47590055810826	7.60071492601648	0	0	0	0	0	0	0	0	0	0	0	0	0	0
"ENA|HBXI01009852|HBXI01009852.1"	8.0926449169096	7.85498971987063	7.311198367657	8.58368653567758	8.7481566518721	8.09385051676156	7.81697008665547	7.6718465056023	8.06294651092518	7.97311981031227	8.48727727294682	8.14329279239309	8.60424259485237	8.89870724971946	9.11085397122811	8.95372205232819	8.46824821819074	8.82559117392034	9.08716563890007	8.57837092666088	8.83493965799639	8.61367109901814	8.44203165652162	9.09263149237282	9.20033679385905	8.7783720832913
"ENA|HBXI01131309|HBXI01131309.1"	2.68210213793756	6.35194301555955	8.78223480416739	9.47835139637845	2.76493027986221	3.10969007122393	10.1748807006449	4.37989220858434	3.58916628160216	5.91649017563834	0	1.92549249700505	3.51597449939899	3.34057142656394	2.55856507467173	2.63857229992122	7.77325136160104	4.12467460342324	3.03396364537237	2.04439277895816	2.12113318655079	1.95080475838256	2.33797016488402	3.48251017898963	3.12739589325647	3.38529226229254
"ENA|HBXI01073454|HBXI01073454.1"	7.62298972941747	7.09201910792158	6.86538155210281	7.24302615886819	7.93357478131017	7.12564571878992	6.66174223115789	7.09706275223778	7.28068020520085	7.04090608515679	8.05587946062883	7.44722568202108	8.20559337598845	8.18804667738339	8.14496425685158	8.09636228814052	7.6614565436447	7.92378090842884	8.3424107223882	8.18280638481579	7.77329145118905	7.97867616051818	7.96831158679931	8.04308992745498	7.83287621255461	8.22849085853912
"ENA|HBXI01107856|HBXI01107856.1"	9.14073260674949	9.0789507040321	9.30436911328821	8.98967170595042	8.98114534489006	9.22295367046422	9.20056892550799	9.26983954228285	8.7153808435881	8.94728246092769	8.60077072401222	8.89715889057659	7.80142005756973	8.10676061320519	8.55456241156875	8.26519089354317	8.61050826305817	8.68007854989879	8.11809440357541	8.70620643350828	7.80245319950359	8.30926910810874	8.91782863430495	8.18744087972366	8.65300763560198	8.42156757569482
"ENA|HBXI01001950|HBXI01001950.1"	9.14626099762793	8.91063942616169	9.47302061714779	8.71741373753621	8.85677624611633	9.22602136772456	9.39766105620999	9.21819369880535	8.67143208706072	9.10500029896346	8.77633535269504	8.87439722929429	7.84970476925801	8.33124806811224	8.4541834390401	8.26519089354317	8.67526332314645	8.40750923232943	8.39984743675059	8.75572038840693	8.25683290941921	8.54890840307759	8.93884701855819	7.85411336804299	8.37520666044946	7.94142836015015
"ENA|HBXI01001274|HBXI01001274.1"	8.39621956100443	7.94208596043438	7.92629721400751	8.0166600553813	8.22387422551676	8.03908911456996	7.69448124677999	7.82380984155875	7.85765226403505	7.83982215822359	8.10935013857796	8.42753456246816	8.54682198324761	8.38477229900604	8.62178655229238	8.43095755141173	8.15396314356848	8.39926603429288	8.70754201396453	8.43375752703712	8.23560826323285	8.53411317627227	8.55913022144038	8.49918571981242	8.54755261351543	8.64232533728406
"ENA|HBXI01087903|HBXI01087903.1"	8.53333374700359	8.46949200013506	8.2742271103498	8.48326434244951	8.88888800639238	8.47010841435896	8.62545406470006	8.21145566482227	8.15757833929841	8.52858504060948	8.88881762188137	8.87439722929429	8.94153141129577	8.62890217608433	9.23705356719469	9.2318240375172	8.88143552006167	9.01552931710394	9.17053978028406	9.29241573598586	8.84548583884144	9.31998966366756	9.06711118868159	9.1312291139539	9.09539317609946	8.87127611997455
"ENA|HBXI01033818|HBXI01033818.1"	12.3203542183434	12.1341597003148	12.386029155235	12.3547617331165	12.3014962233543	12.1446681158395	12.180541646479	12.136655354444	12.1166746823171	12.0098955460666	12.1647016328342	12.1313191108463	12.1790276431312	11.8429664080139	11.8692655802855	11.7798256882472	11.9994822675194	11.6876134169218	11.6709768481725	11.9713920952919	12.1127824602681	11.7486275685359	11.9325348559119	11.7485931043403	11.7793775119904	11.9481988754401
"ENA|HBXI01036729|HBXI01036729.1"	11.6200907918937	11.7166582003751	11.8470601949595	11.5743028578457	11.5476125457277	11.8105083770688	11.5615475543582	11.5220684640044	11.3936003035165	11.5355924150416	11.4229182541488	11.713987023923	11.1101018181336	10.8376722499427	11.2987271820187	11.1559441669718	11.3999665819078	11.3422302171906	11.2332863407555	11.2287918748981	11.218625301064	11.4072484895676	11.3475697758619	11.0703072459002	11.3549179358064	11.4838386662201
"ENA|HBXI01044761|HBXI01044761.1"	4.10883479451648	3.1183567960627	3.46621934281657	3.46366149198081	4.59625572437557	3.10969007122393	3.01072289812989	3.92192008128114	4.06732120675756	3.85440748549673	4.39888453469138	3.3686123973026	4.45149832763421	4.32343977310559	4.84382720773696	5.23227924067472	4.24361948973195	4.76113849649383	4.64204086987985	4.86418443607515	5.06120447260704	4.46052035220098	4.92625242848823	5.28295391203414	4.83364341710379	4.59651701941651
"ENA|HBXI01047963|HBXI01047963.1"	8.81944333949562	8.25038039753645	8.22175879512235	8.29201989590377	9.34748938025913	9.5705789503263	7.00083690424627	8.79938640581923	8.40239916695642	7.90324483241305	9.20447772738224	8.08995626825461	9.80117296665335	10.2425719713718	10.5414594755541	10.0432216588637	9.94103372975176	10.0302390091962	9.07439366421951	9.64940412190973	9.49450833509378	10.1831952819856	9.63654838014276	8.25016088617169	10.031447181991	10.975587129377
"ENA|HBXI01073138|HBXI01073138.1"	8.20815611276673	8.26396770777607	8.02424428387625	8.03254038011104	7.69612317076015	8.10055181883989	8.19608977292738	7.93925953392167	7.39993926448482	7.85470757783072	7.16981892784366	7.79503009544584	6.95858761815142	7.15498005295158	7.07353315893651	7.43875849352908	7.51475593284075	7.55962345127208	6.82848236734245	7.28732585156501	7.16940881347285	7.32674554616091	7.25829790415213	6.86606782374703	7.39067631065742	7.7358801280733
"ENA|HBXI01120980|HBXI01120980.1"	8.43738695178165	7.81862361499599	8.10019461134167	8.03254038011104	8.03909039089232	8.20374390430638	8.16093605855518	8.07673302973773	8.11309320560028	8.32985489276668	7.75402280919891	7.84856367889215	7.56881694923784	7.56168628293821	7.85104363443292	7.77918850869835	7.88697900905692	7.73362443909233	7.79123307875677	7.70965648729403	7.60970029952259	7.57822003880135	7.77482030168207	7.58886295341992	7.25919450639672	7.55659723390674
"ENA|HBXI01079459|HBXI01079459.1"	6.68449040849047	6.86120772074975	6.19718730605058	6.44279639948112	6.71902907192921	6.53268562593784	6.53567763568879	6.36049187834963	6.00128974125733	6.17553816973139	6.30495798636695	6.62867556316012	7.01260573532772	6.7585997394072	6.94579918933218	6.63582229042303	6.97484859551978	7.15204712012744	6.94532291062408	7.14593038898492	6.68127271085175	7.40201324760325	7.16963193643122	6.75922376322457	7.11451732207341	7.1915125207251
"ENA|HBXI01064330|HBXI01064330.1"	1.05906500373938	8.66650832228689	0	0	0	0	1.27019185264262	0.958883817200135	0	0	0	0	1.5351189332605	2.66126410003987	5.03531132289164	0.90395749074322	7.68451929965971	3.12737604436035	6.11500001543348	0	0	0.967390265185049	2.33797016488402	0	6.84998362236937	9.18621994970101
"ENA|HBXI01069114|HBXI01069114.1"	7.19179771142475	4.75132662643517	5.0516332250135	3.46366149198081	7.00604363428673	6.36470713707193	5.52925762687237	6.2926353632191	5.33666812223351	6.11087788404804	6.33289267530535	6.11063152930818	3.63095747781005	1.71480207630647	4.30375557988201	3.6235735860459	4.36278983837537	0.976220805494109	4.64204086987985	3.22239084157883	4.54446690543373	5.14530304399563	3.60332920659046	4.5927804974249	4.31589114087291	5.17867404425993
"ENA|HBXI01078082|HBXI01078082.1"	4.19670867892087	3.1183567960627	4.91410713554357	3.93846035372146	3.65469937773052	4.13224268577847	4.64402459634981	3.82916721697942	3.92484851238731	4.80365362323085	4.17025729537329	3.90624846488954	2.93422043172998	3.95008904023781	2.55856507467173	3.6235735860459	2.55915908371182	2.28369094925675	2.80573421001534	2.36923238278794	1.08187477996703	2.9424399512711	2.82453605724147	3.35785653252003	1.83976641002632	3.12614620501473
"ENA|HBXI01121891|HBXI01121891.1"	7.08070041576893	6.7497387954528	6.4831145150774	6.3187724022005	6.99297121377147	6.40857064976768	7.06309323872853	7.09706275223778	7.02533164322199	6.88529514335213	7.789735688691	7.21331187423137	7.63230322377123	7.81177011832668	7.47491396820591	7.75611854000352	7.16722929219128	7.36172084124169	7.66060869588784	7.44225062528346	7.57632152445744	7.64859329765643	7.74785151685109	7.89954188008733	7.87575881448965	7.79845157672145
"ENA|HBXI01005204|HBXI01005204.1"	4.69612499281825	4.1929011587797	4.17697604864497	3.79687487700069	4.2891619957996	3.6378370741767	4.27464729168168	4.67462681068872	4.13360672604843	4.20352742333413	3.56325826503466	3.99333139431333	4.17657082937493	5.22959781248816	5.26676071867201	5.50559832420139	3.97093846260134	4.81170458790738	5.54040764755234	5.10153630866728	4.85397700661503	5.29322389983587	5.54315444502136	5.10046428031431	5.40164175287715	4.78811068312333
"ENA|HBXI01120495|HBXI01120495.1"	0	5.4026336838118	7.06269119692115	1.95098007864942	1.73068803475623	5.79949648971053	7.63423816281039	1.52987633650883	2.7043205657855	5.93528468204015	3.24824232012829	2.24231389692989	0.962779693354422	2.01555279226715	2.3436954957229	1.85342706923911	8.64912293895441	3.27883925414145	1.76420017465986	2.04439277895816	1.08187477996703	1.95080475838256	1.59834324930017	3.35785653252003	2.40577488132909	0
"ENA|HBXI01112997|HBXI01112997.1"	6.98521994038043	7.22763671908933	7.16728401309588	6.88900146180786	7.2005378778261	7.07210041907684	7.07824642499618	6.87145025452625	7.05983334968994	7.48544050938801	7.30288468651641	7.55850150649114	7.83178684354809	7.68415675265673	7.8305232582518	7.88399831462959	7.11725393192386	7.55962345127208	7.39899962515413	7.50977324470654	7.95957474925123	7.57822003880135	7.40361007625795	7.77709790921132	7.78867981934484	7.93637803605639
